
2024 1 Calendar:
Sun Mon Tue Wed Thu Fri Sat
----------------------------
     1   2   3   4   5   6  
 7   8   9  10  11  12  13  
14  15  16  17  18  19  20  
21  22  23  24  25  26  27  
28  29  30  31  

2024 2 Calendar:
Sun Mon Tue Wed Thu Fri Sat
----------------------------
                 1   2   3  
 4   5   6   7   8   9  10  
11  12  13  14  15  16  17  
18  19  20  21  22  23  24  
25  26  27  28  29  

2024 3 Calendar:
Sun Mon Tue Wed Thu Fri Sat
----------------------------
                     1   2  
 3   4   5   6   7   8   9  
10  11  12  13  14  15  16  
17  18  19  20  21  22  23  
24  25  26  27  28  29  30  
31  

2024 4 Calendar:
Sun Mon Tue Wed Thu Fri Sat
----------------------------
     1   2   3   4   5   6  
 7   8   9  10  11  12  13  
14  15  16  17  18  19  20  
21  22  23  24  25  26  27  
28  29  30  

2024 5 Calendar:
Sun Mon Tue Wed Thu Fri Sat
----------------------------
             1   2   3   4  
 5   6   7   8   9  10  11  
12  13  14  15  16  17  18  
19  20  21  22  23  24  25  
26  27  28  29  30  31  

2024 6 Calendar:
Sun Mon Tue Wed Thu Fri Sat
----------------------------
                         1  
 2   3   4   5   6   7   8  
 9  10  11  12  13  14  15  
16  17  18  19  20  21  22  
23  24  25  26  27  28  29  
30  

2024 7 Calendar:
Sun Mon Tue Wed Thu Fri Sat
----------------------------
     1   2   3   4   5   6  
 7   8   9  10  11  12  13  
14  15  16  17  18  19  20  
21  22  23  24  25  26  27  
28  29  30  31  

2024 8 Calendar:
Sun Mon Tue Wed Thu Fri Sat
----------------------------
                 1   2   3  
 4   5   6   7   8   9  10  
11  12  13  14  15  16  17  
18  19  20  21  22  23  24  
25  26  27  28  29  30  31  

2024 9 Calendar:
Sun Mon Tue Wed Thu Fri Sat
----------------------------
 1   2   3   4   5   6   7  
 8   9  10  11  12  13  14  
15  16  17  18  19  20  21  
22  23  24  25  26  27  28  
29  30  

2024 10 Calendar:
Sun Mon Tue Wed Thu Fri Sat
----------------------------
         1   2   3   4   5  
 6   7   8   9  10  11  12  
13  14  15  16  17  18  19  
20  21  22  23  24  25  26  
27  28  29  30  31  

2024 11 Calendar:
Sun Mon Tue Wed Thu Fri Sat
----------------------------
                     1   2  
 3   4   5   6   7   8   9  
10  11  12  13  14  15  16  
17  18  19  20  21  22  23  
24  25  26  27  28  29  30  

2024 12 Calendar:
Sun Mon Tue Wed Thu Fri Sat
----------------------------
 1   2   3   4   5   6   7  
 8   9  10  11  12  13  14  
15  16  17  18  19  20  21  
22  23  24  25  26  27  28  
29  30  31  
