        2024         

         JAN         
 S  M  T  W  T  F  S 
    1  2  3  4  5  6 
 7  8  9 10 11 12 13 
14 15 16 17 18 19 20 
21 22 23 24 25 26 27 
28 29 30 31 

         FEB         
 S  M  T  W  T  F  S 
             1  2  3 
 4  5  6  7  8  9 10 
11 12 13 14 15 16 17 
18 19 20 21 22 23 24 
25 26 27 28 29 

         MAR         
 S  M  T  W  T  F  S 
                1  2 
 3  4  5  6  7  8  9 
10 11 12 13 14 15 16 
17 18 19 20 21 22 23 
24 25 26 27 28 29 30 
31 

         APR         
 S  M  T  W  T  F  S 
    1  2  3  4  5  6 
 7  8  9 10 11 12 13 
14 15 16 17 18 19 20 
21 22 23 24 25 26 27 
28 29 30 

         MAY         
 S  M  T  W  T  F  S 
          1  2  3  4 
 5  6  7  8  9 10 11 
12 13 14 15 16 17 18 
19 20 21 22 23 24 25 
26 27 28 29 30 31 

         JUN         
 S  M  T  W  T  F  S 
                   1 
 2  3  4  5  6  7  8 
 9 10 11 12 13 14 15 
16 17 18 19 20 21 22 
23 24 25 26 27 28 29 
30 

         JUL         
 S  M  T  W  T  F  S 
    1  2  3  4  5  6 
 7  8  9 10 11 12 13 
14 15 16 17 18 19 20 
21 22 23 24 25 26 27 
28 29 30 31 

         AUG         
 S  M  T  W  T  F  S 
             1  2  3 
 4  5  6  7  8  9 10 
11 12 13 14 15 16 17 
18 19 20 21 22 23 24 
25 26 27 28 29 30 31 

         SEP         
 S  M  T  W  T  F  S 
 1  2  3  4  5  6  7 
 8  9 10 11 12 13 14 
15 16 17 18 19 20 21 
22 23 24 25 26 27 28 
29 30 

         OCT         
 S  M  T  W  T  F  S 
       1  2  3  4  5 
 6  7  8  9 10 11 12 
13 14 15 16 17 18 19 
20 21 22 23 24 25 26 
27 28 29 30 31 

         NOV         
 S  M  T  W  T  F  S 
                1  2 
 3  4  5  6  7  8  9 
10 11 12 13 14 15 16 
17 18 19 20 21 22 23 
24 25 26 27 28 29 30 

         DEC         
 S  M  T  W  T  F  S 
 1  2  3  4  5  6  7 
 8  9 10 11 12 13 14 
15 16 17 18 19 20 21 
22 23 24 25 26 27 28 
29 30 31 

